100
142.0 3.9 2000.0
395.00000 2.00000 790.00000
491.81384 1.26178 1957.86335
413.65894 2.91468 46.89485
497.76456 1.20200 1927.65783
4.53 2.9 386.20
428.64375 3.30997 1852.75303
493.79446 1.16824 1939.37037
490.64513 1.01606 1910.95727
493.67498 1.37148 1950.92495
28.0 3.0 1926.0
493.19993 1.24477 1990.76769
462.0 3.0 160.0
491.37340 1.17794 1981.71469
309.38959 2.31434 1192.38091
189.0 1.0 474.0
62.09042 1.6299 833.4
485.38806 1.0 138.3769
240.24068 2.95998 534.20051
497.78379 1.43117 1925.14874
496.09403 1.03910 1955.83583
317.0 3.0 1817.0
492.70951 1.32416 1986.77332
493.91151 1.12208 1932.49179
500.000 1.37 1977.7127
243.00957 1.70842 820.12428
494.79118 1.09668 1973.76244
224.0 2.0 1837.0
493.95662 1.40370 1974.68220
421.0 2.0 583.0
494.47380 1.23204 1966.62596
448.00000 3.00000 485.00000
87.0 4.0 83.0
42.5 1.0 921.092
254.36877 1.36771 804.38050
451.8573 4.00000 904.083
331.0 1.0 673.0
420.85599 2.06311 336.36072
471.21 2.0 102.61006
490.93956 1.02073 1930.32179
454.188 1.0000 102.2
491.13296 1.07577 1985.84726
494.60683 1.09266 1982.90436
1.00946 3.00772 1999.21580
494.91422 1.21032 1967.07449
493.04355 1.40188 1999.15384
61.3120 3.0 1.0000
69.01074 2.87136 1770.20047
216.16 2.04 121.91
161.48517 3.42114 104.81832
493.27130 1.48315 1977.89304
333.66253 3.26550 1002.57922
490.16585 1.18246 1925.56862
160.59028 1.92071 1885.98572
494.65103 1.12983 1920.70778
496.36359 1.42545 1958.80130
245.03 1.52 514.0
406.00000 3.00000 412.00000
492.25388 1.31176 1944.75053
494.34459 1.40473 1989.39185
497.682 2.0 954.4
367.00000 2.00000 734.00000
153.2 1.98260 296.0
490.21149 1.37922 1997.97054
498.31308 1.47666 1925.14429
79.37028 3.71068 723.89015
466.0 4.0 1297.0
493.93776 1.00200 1904.17704
308.0 1.0 1514.0
388.00000 1.00000 388.00000
340.00000 2.00000 680.00000
5.0 3.0 228.0
490.34756 1.29241 1985.01260
436.00274 3.24884 1140.12410
1.05357 3.39280 1999.82124
1.01523 3.27673 1999.46915
451.00000 1.00000 477.00000
493.16916 1.49793 1985.23717
497.24718 1.06970 1974.00708
496.16952 1.18965 1962.72314
333.00000 2.00000 666.00000
490.45568 1.12750 1922.72746
32.74649 3.1784 319.041
329.03 1.8 116.4519
187.5706 2.02501 1126.4301
109.89930 3.65714 467.96055
420.70479 1.70922 5.86517
1.04342 3.24458 1999.67975
235.0 4.0 1424.0
272.28012 2.28703 243.37417
263.49475 2.13535 1028.11536
1.00000 1.6 1131.264
67.0 1.0 607.0
1.22010 2.72131 2.56314
493.83039 1.22068 1924.01099
224.72526 3.33566 684.06112
298.67354 3.82624 1022.25407
397.98724 3.12579 1173.52790
496.18756 1.41682 1941.67584
357.8 3.435 244.2
